+----------------------------------------------------------------------------------------------------------------------------------------------------------------------------------------------------------------------------------------------------------------------------------------+
; Legal Partition Candidates                                                                                                                                                                                                                                                             ;
+-----------------------------------------------------------------------------------+-------+----------------+--------------+----------------+--------+-----------------+---------------+-----------------+-------+----------------+--------------+------------------+-------------------+
; Hierarchy                                                                         ; Input ; Constant Input ; Unused Input ; Floating Input ; Output ; Constant Output ; Unused Output ; Floating Output ; Bidir ; Constant Bidir ; Unused Bidir ; Input only Bidir ; Output only Bidir ;
+-----------------------------------------------------------------------------------+-------+----------------+--------------+----------------+--------+-----------------+---------------+-----------------+-------+----------------+--------------+------------------+-------------------+
; neorv32_sysinfo_inst                                                              ; 73    ; 0              ; 63           ; 0              ; 34     ; 0               ; 0             ; 0               ; 0     ; 0              ; 0            ; 0                ; 0                 ;
; \neorv32_mtime_inst_true:neorv32_mtime_inst                                       ; 74    ; 1              ; 31           ; 1              ; 35     ; 1               ; 1             ; 1               ; 0     ; 0              ; 0            ; 0                ; 0                 ;
; \neorv32_gpio_inst_true:neorv32_gpio_inst                                         ; 138   ; 57             ; 111          ; 57             ; 98     ; 57              ; 57            ; 57              ; 0     ; 0              ; 0            ; 0                ; 0                 ;
; \neorv32_int_dmem_inst_true:neorv32_int_dmem_inst                                 ; 73    ; 1              ; 4            ; 1              ; 34     ; 1               ; 1             ; 1               ; 0     ; 0              ; 0            ; 0                ; 0                 ;
; \neorv32_int_imem_inst_true:neorv32_int_imem_inst                                 ; 73    ; 0              ; 40           ; 0              ; 34     ; 0               ; 0             ; 0               ; 0     ; 0              ; 0            ; 0                ; 0                 ;
; neorv32_bus_keeper_inst                                                           ; 183   ; 4              ; 166          ; 4              ; 35     ; 4               ; 4             ; 4               ; 0     ; 0              ; 0            ; 0                ; 0                 ;
; neorv32_core_busswitch_inst                                                       ; 180   ; 0              ; 36           ; 0              ; 140    ; 0               ; 0             ; 0               ; 0     ; 0              ; 0            ; 0                ; 0                 ;
; neorv32_cpu_inst|neorv32_cpu_bus_inst                                             ; 875   ; 1              ; 768          ; 1              ; 140    ; 1               ; 1             ; 1               ; 0     ; 0              ; 0            ; 0                ; 0                 ;
; neorv32_cpu_inst|neorv32_cpu_alu_inst|neorv32_cpu_cp_shifter_inst                 ; 111   ; 0              ; 68           ; 0              ; 33     ; 0               ; 0             ; 0               ; 0     ; 0              ; 0            ; 0                ; 0                 ;
; neorv32_cpu_inst|neorv32_cpu_alu_inst                                             ; 265   ; 5              ; 64           ; 5              ; 73     ; 5               ; 5             ; 5               ; 0     ; 0              ; 0            ; 0                ; 0                 ;
; neorv32_cpu_inst|neorv32_cpu_regfile_inst|reg_file[0][31]__2|auto_generated       ; 44    ; 0              ; 0            ; 0              ; 32     ; 0               ; 0             ; 0               ; 0     ; 0              ; 0            ; 0                ; 0                 ;
; neorv32_cpu_inst|neorv32_cpu_regfile_inst|reg_file[0][31]__1|auto_generated       ; 39    ; 0              ; 0            ; 0              ; 32     ; 0               ; 0             ; 0               ; 0     ; 0              ; 0            ; 0                ; 0                 ;
; neorv32_cpu_inst|neorv32_cpu_regfile_inst                                         ; 200   ; 0              ; 52           ; 0              ; 128    ; 0               ; 0             ; 0               ; 0     ; 0              ; 0            ; 0                ; 0                 ;
; neorv32_cpu_inst|neorv32_cpu_control_inst|\prefetch_buffer:1:prefetch_buffer_inst ; 23    ; 4              ; 0            ; 4              ; 21     ; 4               ; 4             ; 4               ; 0     ; 0              ; 0            ; 0                ; 0                 ;
; neorv32_cpu_inst|neorv32_cpu_control_inst|\prefetch_buffer:0:prefetch_buffer_inst ; 23    ; 1              ; 0            ; 1              ; 21     ; 1               ; 1             ; 1               ; 0     ; 0              ; 0            ; 0                ; 0                 ;
; neorv32_cpu_inst|neorv32_cpu_control_inst                                         ; 167   ; 677            ; 7            ; 677            ; 904    ; 677             ; 677           ; 677             ; 0     ; 0              ; 0            ; 0                ; 0                 ;
; neorv32_cpu_inst                                                                  ; 90    ; 58             ; 0            ; 58             ; 148    ; 58              ; 58            ; 58              ; 0     ; 0              ; 0            ; 0                ; 0                 ;
+-----------------------------------------------------------------------------------+-------+----------------+--------------+----------------+--------+-----------------+---------------+-----------------+-------+----------------+--------------+------------------+-------------------+
